4294967278,21
4294967278,20
4294967278,19
4294967278,18
4294967278,17
4294967278,16
4294967278,15
4294967278,14
4294967278,43
4294967278,42
4294967278,41
4294967278,40
4294967278,39
4294967278,38
4294967278,37
4294967278,36
4294967278,35
4294967278,34
4294967278,33
4294967278,32
4294967278,31
4294967278,30
4294967278,292
4294967278,291
4294967278,28
4294967278,27
4294967278,26
4294967278,25
4294967278,24
4294967278,310
4294967278,23
4294967278,22
4294967279,47
4294967279,46
4294967279,45
4294967279,44
4294967279,42
4294967279,41
4294967279,39
4294967279,37
4294967279,35
4294967279,33
4294967279,32
4294967279,31
4294967279,27
4294967279,26
4294967279,25
4294967279,21
4294967279,19
4294967279,18
4294967279,13
4294967279,12
4294967279,286
4294967278,29
4294967279,29
4294967279,139
4294967279,138
4294967279,272
4294967279,136
4294967294,1420
4294967279,24
4294967279,284
4294967279,15
4294967279,300
4294967294,407
4294967294,420
4294967294,1173
4294967294,183
4294967294,110
4294967279,549
4294967279,283
4294967279,271
4294967294,1423
4294967294,475
4294967279,270
4294967279,298
4294967279,282
4294967279,267
4294967279,265
4294967279,281
37,5
37,4
4294967279,277
37,3
37,2
37,1
4294967279,297
4294967279,264
4294967279,263
4294967279,262
4294967279,261
4294967279,275
35,4
4294967279,258
35,3
35,2
35,1
4294967279,273
4294967294,89
4294967294,1418
4294967294,182
4294967294,996
4294967294,1093
4294967279,257
4294967279,254
4294967279,548
4294967279,280
34,6
4294967278,257
4294967279,253
4294967278,358
4294967278,357
4294967279,547
34,5
4294967278,356
4294967279,546
4294967278,355
34,4
4294967279,545
34,3
34,2
34,1
4294967278,354
4294967279,544
4294967278,353
4294967279,543
4294967278,352
4294967278,255
4294967279,542
4294967279,541
4294967278,351
33,5
4294967279,540
4294967278,350
33,4
4294967278,253
33,3
33,2
33,1
4294967278,251
4294967294,474
4294967278,250
4294967279,539
4294967279,88
4294967294,114
4294967278,247
4294967278,243
4294967278,240
4294967278,238
4294967278,234
4294967278,237
32,5
32,4
4294967278,236
32,3
32,2
32,1
4294967278,235
4294967278,233
4294967278,226
4294967278,229
4294967278,227
31,5
4294967294,387
4294967294,388
4294967278,224
4294967278,222
31,4
31,3
31,2
31,1
4294967294,468
4294967278,220
4294967294,424
4294967294,39
4294967294,36
4294967294,37
4294967294,1000
4294967278,218
4294967279,538
4294967278,217
4294967278,214
4294967279,537
4294967278,349
4294967278,211
4294967278,348
4294967278,210
4294967294,1095
4294967294,76
4294967294,41
4294967278,347
4294967278,346
4294967278,345
4294967279,536
4294967278,207
29,4
29,3
29,2
29,1
4294967279,535
4294967278,206
0,7
4294967294,42
4294967278,344
4294967294,0
4294967294,5
4294967279,534
4294967279,533
4294967278,343
4294967294,393
4294967294,392
4294967294,46
4294967294,389
4294967294,390
4294967294,44
4294967294,115
4294967294,120
4294967279,532
4294967278,342
4294967279,531
4294967278,341
4294967294,469
4294967279,530
4294967278,340
4294967279,529
4294967278,339
4294967294,53
4294967294,51
4294967294,427
4294967294,40
4294967294,38
4294967294,82
4294967279,528
4294967278,338
4294967294,107
4294967294,50
4294967294,91
4294967294,90
4294967294,88
4294967294,87
4294967294,86
4294967294,85
4294967294,84
4294967294,83
4294967294,1098
4294967294,1175
4294967294,409
4294967294,395
4294967294,29
4294967294,399
4294967294,186
4294967294,1001
4294967294,187
4294967294,28
4294967294,1172
4294967294,178
4294967294,179
4294967294,1176
4294967294,398
4294967294,167
4294967294,119
4294967294,118
4294967294,1
4294967294,2
4294967294,1017
4294967294,1174
4294967294,419
4294967294,1016
4294967294,27
4294967294,1018
4294967294,45
4294967294,417
4294967294,472
4294967294,96
4294967294,94
4294967279,527
4294967294,9
4294967294,8
4294967279,526
4294967279,0
4294967294,7
4294967278,337
4294967278,260
4294967294,93
4294967294,95
4294967294,81
4294967294,68
4294967294,11
4294967294,92
4294967278,197
4294967278,132
4294967278,131
4294967278,130
4294967278,129
4294967278,128
4294967278,127
4294967278,126
4294967278,125
4294967278,124
4294967278,123
4294967278,122
4294967278,121
4294967278,120
4294967278,119
4294967278,118
4294967278,117
4294967278,116
4294967278,115
4294967278,114
4294967278,113
4294967278,112
4294967278,111
4294967278,110
4294967278,109
4294967278,108
4294967278,107
4294967278,106
4294967278,105
4294967278,104
4294967278,103
4294967278,102
4294967278,101
4294967278,100
4294967278,99
4294967278,98
